Sequence_ID	Total_Contigs	Genome_length	Largest_Contig	n50	GC_Percent
MO_004.bin.10	47	295376	8399	6194	67
MO_004.bin.11	458	3860256	26373	8845	49
MO_004.bin.12	290	2075458	18815	7107	39
MO_004.bin.13	23	245677	24486	11566	54
MO_004.bin.14	394	3731998	38940	9879	70
MO_004.bin.15	78	501167	12050	6178	62
MO_004.bin.16	81	529559	11619	6181	54
MO_004.bin.17	77	5122530	448327	125078	48
MO_004.bin.1	441	3390481	23736	7768	71
MO_004.bin.2	169	1181353	14267	6857	64
MO_004.bin.3	431	4455399	38288	11287	66
MO_004.bin.4	85	556447	10727	6295	49
MO_004.bin.5	308	4077634	67730	16310	46
MO_004.bin.6	76	513594	11333	6644	62
MO_004.bin.7	399	3890539	45737	10367	61
MO_004.bin.8	94	666692	14598	7042	65
MO_004.bin.9	247	1900845	29218	7547	67
MO_005.bin.10	264	1977551	25957	7594	48
MO_005.bin.11	81	5067010	281494	101565	48
MO_005.bin.12	24	3571995	510290	271093	57
MO_005.bin.13	419	3565436	23861	8582	49
MO_005.bin.14	335	3387527	44811	11144	47
MO_005.bin.15	314	2597083	26570	8534	70
MO_005.bin.16	545	5167342	42159	9763	71
MO_005.bin.17	85	550718	16404	6413	62
MO_005.bin.18	9	3304791	1301794	476043	62
MO_005.bin.19	91	695358	55892	7643	63
MO_005.bin.1	46	298685	25517	6093	39
MO_005.bin.20	93	658044	14171	7021	49
MO_005.bin.2	48	289651	8604	5797	59
MO_005.bin.3	93	715421	17697	7544	65
MO_005.bin.4	412	3972961	37108	9941	66
MO_005.bin.5	361	3544247	37455	10008	61
MO_005.bin.6	227	1679319	19018	7117	67
MO_005.bin.7	87	536471	10772	6117	61
MO_005.bin.8	257	2208738	32104	8626	64
MO_005.bin.9	55	3689809	231411	115007	66
MO_007.bin.10	182	4676748	123339	37119	48
MO_007.bin.11	85	673498	20607	8121	51
MO_007.bin.12	34	239589	11800	6971	67
MO_007.bin.13	181	1288035	16149	6960	50
MO_007.bin.14	156	1075829	16730	6574	61
MO_007.bin.1	30	221311	16680	7525	67
MO_007.bin.2	183	1371792	25295	6799	50
MO_007.bin.3	260	2179106	25275	8617	62
MO_007.bin.4	16156	232048970	131586	17282	48
MO_007.bin.5	245	1985688	24400	8245	58
MO_007.bin.6	56	449664	16367	8955	50
MO_007.bin.7	294	2593764	27135	9013	66
MO_007.bin.8	184	1407437	22051	7717	59
MO_007.bin.9	43	282662	12759	6449	67
MO_010.bin.1	317	2650360	27038	8554	60
MO_010.bin.2	8457	76307018	75155	9297	50
MO_010.bin.3	237	4556811	130561	25794	48
MO_010.bin.4	7047	135708268	155550	25166	48
MO_010.bin.5	155	1168955	18959	7625	65
MO_010.bin.6	332	2705076	24498	8193	66
MO_010.bin.7	87	579094	11143	6545	50
MO_010.bin.8	92	565577	11448	5955	66
MO_034.bin.10	52	330058	12200	6267	62
MO_034.bin.11	154	1356502	31357	8723	62
MO_034.bin.12	166	1175605	20350	6947	66
MO_034.bin.1	45	776042	55737	22371	43
MO_034.bin.2	45	272707	9226	5805	46
MO_034.bin.3	10	209623	46817	32332	30
MO_034.bin.4	160	1147600	17017	6984	70
MO_034.bin.5	211	1454249	17694	6678	39
MO_034.bin.6	277	2709617	37295	10564	65
MO_034.bin.7	40	247326	17216	5924	60
MO_034.bin.8	35	241220	17115	6846	59
MO_034.bin.9	198	4829299	177635	36416	48
MO_035.bin.10	157	1293807	27169	8379	54
MO_035.bin.11	228	2907388	62560	14363	62
MO_035.bin.12	163	1301158	24743	7991	68
MO_035.bin.13	171	3159741	98473	23576	62
MO_035.bin.14	348	2730595	21570	7766	39
MO_035.bin.15	58	719505	41898	14495	43
MO_035.bin.16	245	4150194	85727	21573	69
MO_035.bin.17	250	4115549	71547	23013	50
MO_035.bin.18	254	2092416	28404	8138	49
MO_035.bin.19	120	916844	14971	7797	52
MO_035.bin.1	93	617401	12207	6560	63
MO_035.bin.20	136	942353	17923	6621	66
MO_035.bin.21	45	305062	16202	6526	54
MO_035.bin.22	52	4647886	523229	174444	61
MO_035.bin.23	43	343968	17693	8316	57
MO_035.bin.24	27	246147	17695	9386	19
MO_035.bin.25	57	3930391	336158	109877	58
MO_035.bin.26	484	5777337	54343	14230	52
MO_035.bin.27	37	370432	29683	11122	52
MO_035.bin.28	59	397491	12177	6572	60
MO_035.bin.29	204	1822105	37218	9149	63
MO_035.bin.2	135	3638617	171144	44703	63
MO_035.bin.30	211	3793216	113690	22980	65
MO_035.bin.31	188	1493135	53793	7771	59
MO_035.bin.3	148	1015862	12836	6664	63
MO_035.bin.4	227	4838782	111517	31172	69
MO_035.bin.5	84	543191	12869	6130	69
MO_035.bin.6	186	1526456	25759	8161	70
MO_035.bin.7	65	429342	12866	6518	70
MO_035.bin.8	114	812089	15606	7051	48
MO_035.bin.9	214	2359690	62789	12216	62
MO_039.bin.1	418	2899433	64221	6376	36
MO_039.bin.2	602	4936349	35933	8096	36
MO_039.bin.3	10	208489	51389	28674	30
MO_039.bin.4	144	1032807	17952	6872	40
MO_039.bin.5	96	976925	40744	10304	57
MO_039.bin.6	993	6732968	24036	6607	48
MO_039.bin.7	1736	13139383	33844	7500	53
MO_042.bin.1	1846	11791457	17624	6164	38
MO_042.bin.2	863	6082213	21467	6916	38
MO_042.bin.3	250	1780195	20051	7058	38
MO_046.bin.10	207	1718950	23307	8101	65
MO_046.bin.11	53	348215	12513	6179	47
MO_046.bin.12	302	2723436	33930	9089	46
MO_046.bin.13	90	589866	20747	6216	59
MO_046.bin.1	213	1635486	21702	7779	39
MO_046.bin.2	65	665453	26015	11279	42
MO_046.bin.3	205	1563621	17472	7449	58
MO_046.bin.4	77	525035	15170	6525	60
MO_046.bin.5	120	945728	22357	7788	62
MO_046.bin.6	134	5095454	252417	73520	48
MO_046.bin.7	262	1886663	24704	7237	49
MO_046.bin.8	530	5059632	52972	10003	39
MO_046.bin.9	358	3271952	27722	9461	66
MO_071.bin.10	234	2043484	28773	9072	62
MO_071.bin.11	40	267241	10278	6307	62
MO_071.bin.12	212	4771067	119137	36468	48
MO_071.bin.13	483	4333558	38639	9262	50
MO_071.bin.14	228	1576288	15312	6736	37
MO_071.bin.15	319	4122058	75489	15857	67
MO_071.bin.16	237	1934924	25189	8141	58
MO_071.bin.17	414	4657981	37403	12234	66
MO_071.bin.18	173	3339645	107739	25895	63
MO_071.bin.19	51	321742	10939	6219	59
MO_071.bin.1	278	4618808	124213	20927	46
MO_071.bin.20	155	1199669	20166	7479	44
MO_071.bin.21	122	905848	19000	7336	65
MO_071.bin.22	66	452720	14563	6406	62
MO_071.bin.23	239	3141264	58045	15058	63
MO_071.bin.24	41	273590	10936	6295	59
MO_071.bin.25	31	204702	13595	6238	58
MO_071.bin.26	53	362594	16550	6800	61
MO_071.bin.27	49	313480	11036	6054	66
MO_071.bin.28	301	2808449	36794	9625	59
MO_071.bin.29	79	525674	12678	6743	64
MO_071.bin.2	81	514760	11562	6161	58
MO_071.bin.30	354	3194853	36521	9591	62
MO_071.bin.31	53	368494	15305	6753	62
MO_071.bin.3	69	478537	12293	6895	62
MO_071.bin.4	144	972165	18159	6531	62
MO_071.bin.5	32	214233	12550	6718	59
MO_071.bin.6	114	787932	13749	6838	64
MO_071.bin.7	147	1174215	22831	7615	52
MO_071.bin.8	367	3900819	58591	11509	60
MO_071.bin.9	220	3908671	82024	24933	63
MO_073.bin.10	331	2982073	28926	9621	38
MO_073.bin.11	177	1304021	22407	7247	67
MO_073.bin.12	39	242493	11876	6084	65
MO_073.bin.13	233	1726486	25456	7167	59
MO_073.bin.14	59	390787	17983	6282	63
MO_073.bin.15	121	825131	13525	6527	62
MO_073.bin.16	255	2074159	31248	8080	62
MO_073.bin.17	124	883209	13486	6808	57
MO_073.bin.1	327	3877151	42289	13637	47
MO_073.bin.2	87	622138	17668	6827	63
MO_073.bin.3	304	2354357	32569	7613	50
MO_073.bin.4	330	2662148	26336	8085	66
MO_073.bin.5	34	212826	12727	6082	58
MO_073.bin.6	93	593863	11880	6034	37
MO_073.bin.7	220	4592415	112577	29056	48
MO_073.bin.8	12	207933	33160	25577	30
MO_073.bin.9	316	2348424	17415	7351	61
MO_074.bin.10	167	3613093	124510	32626	60
MO_074.bin.11	260	2392484	37432	9238	61
MO_074.bin.12	143	955691	16963	6335	66
MO_074.bin.13	422	3698397	26848	9326	50
MO_074.bin.14	262	2155577	22193	8370	60
MO_074.bin.15	316	3052332	37207	10076	61
MO_074.bin.16	123	871461	49680	6235	66
MO_074.bin.17	73	5958806	433464	125635	68
MO_074.bin.18	336	3245594	36138	10166	60
MO_074.bin.19	121	896389	19755	7361	49
MO_074.bin.1	171	3643139	93275	29094	61
MO_074.bin.20	199	1691834	29598	8763	42
MO_074.bin.21	96	711901	15582	7351	61
MO_074.bin.22	50	541629	31540	12227	52
MO_074.bin.23	120	4716038	286881	57407	62
MO_074.bin.24	268	2389839	32317	9214	61
MO_074.bin.25	419	4184583	51917	10518	47
MO_074.bin.26	792	7992004	44942	10723	63
MO_074.bin.27	120	889058	16583	7002	60
MO_074.bin.2	236	3876287	92380	19394	63
MO_074.bin.3	119	5078161	214444	87540	66
MO_074.bin.4	401	3570752	37565	9045	67
MO_074.bin.5	224	1653975	18350	7181	70
MO_074.bin.6	321	3936382	53937	14593	47
MO_074.bin.7	83	592437	17767	6970	61
MO_074.bin.8	261	3829788	181400	17612	65
MO_074.bin.9	267	3206967	105491	13909	62
MO_077.bin.10	82	555935	15154	6686	62
MO_077.bin.11	75	491436	9880	6573	59
MO_077.bin.12	127	897562	15308	6930	60
MO_077.bin.13	187	1725656	32032	9680	65
MO_077.bin.14	241	3111412	49136	14739	58
MO_077.bin.15	339	3195610	34994	9959	59
MO_077.bin.16	418	5253094	47665	14108	66
MO_077.bin.17	114	788191	14826	7074	61
MO_077.bin.18	353	4314392	60371	14621	60
MO_077.bin.19	189	1282888	20122	6563	71
MO_077.bin.1	252	2947592	57713	12754	63
MO_077.bin.20	184	1339906	19397	7344	61
MO_077.bin.21	39	241737	9184	6213	65
MO_077.bin.22	535	5146953	106645	10200	49
MO_077.bin.23	253	2273115	36735	9057	63
MO_077.bin.24	159	4825719	269712	48489	48
MO_077.bin.25	127	850099	14390	6403	70
MO_077.bin.26	404	4270524	37789	11591	62
MO_077.bin.27	239	1623297	13278	6778	73
MO_077.bin.28	69	468264	19391	6699	62
MO_077.bin.29	57	376140	21858	6173	60
MO_077.bin.2	50	307608	9522	6093	62
MO_077.bin.30	300	2790327	29349	9546	57
MO_077.bin.3	214	1515725	20861	6905	58
MO_077.bin.4	87	578810	12896	6470	60
MO_077.bin.5	41	284512	16818	6252	52
MO_077.bin.6	156	1109450	21227	7106	64
MO_077.bin.7	263	4735490	106599	24301	67
MO_077.bin.8	159	1189479	23623	7231	65
MO_077.bin.9	235	4879792	85071	31365	46
MO_082.bin.10	200	1426032	20427	7020	64
MO_082.bin.11	311	2347718	27360	7601	72
MO_082.bin.12	131	955683	17170	6936	65
MO_082.bin.13	137	981352	17846	6935	58
MO_082.bin.14	108	702504	15402	6206	66
MO_082.bin.15	13	386704	99551	95085	54
MO_082.bin.16	167	4870744	116723	43403	48
MO_082.bin.17	178	1324129	28830	7479	61
MO_082.bin.18	467	6691892	91780	17043	72
MO_082.bin.19	316	3441644	38208	11849	59
MO_082.bin.1	64	418994	11596	6423	59
MO_082.bin.20	311	3447090	45344	12582	67
MO_082.bin.21	556	5003080	39865	9356	49
MO_082.bin.22	340	4236861	57250	13903	60
MO_082.bin.23	112	836050	21034	7345	63
MO_082.bin.24	221	1637042	23316	7333	65
MO_082.bin.25	413	4364293	44922	11676	62
MO_082.bin.26	291	7730151	154555	38452	71
MO_082.bin.27	350	2635988	20509	7279	73
MO_082.bin.28	249	4245695	73011	23209	67
MO_082.bin.29	120	783614	12706	6452	70
MO_082.bin.2	37	245462	12106	6644	53
MO_082.bin.30	297	2292761	19983	7771	71
MO_082.bin.31	48	304256	13229	5950	59
MO_082.bin.32	211	3460137	105899	20315	65
MO_082.bin.33	351	6187030	99159	22309	66
MO_082.bin.34	72	447228	14259	6071	48
MO_082.bin.35	173	1199817	18240	6872	60
MO_082.bin.36	114	897078	19178	8102	49
MO_082.bin.37	54	349832	11124	6081	66
MO_082.bin.38	140	1138795	38674	7851	61
MO_082.bin.39	53	335660	11979	6094	59
MO_082.bin.3	33	329277	33886	11539	52
MO_082.bin.4	45	285317	11464	6165	62
MO_082.bin.5	59	384472	10157	6537	65
MO_082.bin.6	60	423574	16918	7040	54
MO_082.bin.7	76	549243	15819	7011	47
MO_082.bin.8	9	420336	105262	68409	49
MO_082.bin.9	302	4290318	67557	17558	46
MO_098.bin.10	76	492637	13519	6247	67
MO_098.bin.11	357	2955769	28747	8216	39
MO_098.bin.12	74	497946	12286	6799	61
MO_098.bin.13	333	4022244	58374	14161	47
MO_098.bin.14	1	411025	411025	411025	44
MO_098.bin.15	47	326815	12787	6870	61
MO_098.bin.16	236	1889308	26683	8092	66
MO_098.bin.17	234	1728049	15846	7295	70
MO_098.bin.18	255	2355278	35688	9471	65
MO_098.bin.19	273	4140471	100107	17551	48
MO_098.bin.1	33	200973	9118	5809	72
MO_098.bin.20	92	587823	11541	6051	61
MO_098.bin.21	287	2244930	23203	7738	45
MO_098.bin.22	41	241941	9816	5761	44
MO_098.bin.23	223	1693057	17976	7522	62
MO_098.bin.2	167	1126470	14649	6645	73
MO_098.bin.3	218	1797268	21188	8189	60
MO_098.bin.4	57	377982	11920	6550	41
MO_098.bin.5	44	303614	15676	6631	63
MO_098.bin.6	362	3714827	37813	11416	65
MO_098.bin.7	171	1609451	28477	9889	61
MO_098.bin.8	180	1519892	22226	8394	63
MO_098.bin.9	382	2846624	25951	7252	71
MO_102.bin.10	233	1776801	18691	7721	62
MO_102.bin.11	49	330436	15584	6170	67
MO_102.bin.12	210	4556660	104606	30785	48
MO_102.bin.13	248	1634514	15349	6421	71
MO_102.bin.14	292	2174187	20434	7355	46
MO_102.bin.15	36	222301	11818	6020	44
MO_102.bin.16	128	869403	12498	6825	70
MO_102.bin.17	75	480819	10228	6248	73
MO_102.bin.1	335	2597619	25949	7716	60
MO_102.bin.2	33	250900	32593	7294	60
MO_102.bin.3	41	258105	9983	6272	61
MO_102.bin.4	332	2478536	19576	7516	39
MO_102.bin.5	87	673856	18178	7560	61
MO_102.bin.6	250	2153907	31996	9131	65
MO_102.bin.7	350	3257566	30699	9598	65
MO_102.bin.8	335	4018704	43996	13315	47
MO_102.bin.9	83	568467	12736	6738	63
MO_103.bin.10	195	1692491	39105	8760	41
MO_103.bin.11	66	542654	41024	7834	41
MO_103.bin.12	153	1183628	18070	7732	51
MO_103.bin.13	255	2230631	30232	8976	61
MO_103.bin.14	63	549546	41321	8783	40
MO_103.bin.15	291	3573336	47711	13946	55
MO_103.bin.16	89	604933	14973	6719	44
MO_103.bin.17	202	1462628	15119	7143	60
MO_103.bin.18	230	3038745	77139	15504	54
MO_103.bin.19	184	1433970	38782	7483	56
MO_103.bin.1	145	972248	18776	6533	64
MO_103.bin.20	2	402618	370268	370268	39
MO_103.bin.21	206	1556485	40962	7215	60
MO_103.bin.22	79	558546	16024	6622	39
MO_103.bin.23	113	774754	13488	6676	60
MO_103.bin.24	55	356190	12193	6424	65
MO_103.bin.25	83	569484	26629	6700	65
MO_103.bin.26	215	2470103	51289	12907	45
MO_103.bin.2	70	486763	13795	6747	62
MO_103.bin.3	68	512004	47358	6464	66
MO_103.bin.4	228	1520877	14626	6559	71
MO_103.bin.5	50	312790	9389	6020	49
MO_103.bin.6	81	640058	53087	7343	36
MO_103.bin.7	162	1372316	24405	8411	52
MO_103.bin.8	739	7455045	51892	11063	46
MO_103.bin.9	39	262754	13259	6163	39
MO_106.bin.1	15085	107277540	29683	6954	38
MO_106.bin.2	33	311352	26505	9469	37
MO_133.bin.10	263	4406392	140512	19524	38
MO_133.bin.11	285	4526326	75834	20913	67
MO_133.bin.12	59	380994	15038	5985	72
MO_133.bin.13	249	2657949	53357	11192	65
MO_133.bin.14	115	828384	39744	7016	66
MO_133.bin.15	381	3363550	29188	9218	70
MO_133.bin.16	86	670270	18548	7803	62
MO_133.bin.17	281	4376467	89056	18556	48
MO_133.bin.18	387	4782677	50278	14262	70
MO_133.bin.19	152	1143841	14406	7653	64
MO_133.bin.1	147	1056528	20768	6996	61
MO_133.bin.20	89	4622668	336160	132551	62
MO_133.bin.21	144	1221208	26794	8492	65
MO_133.bin.22	293	4367638	64023	18332	46
MO_133.bin.23	78	486325	12387	6062	66
MO_133.bin.24	42	283397	15975	6767	58
MO_133.bin.25	121	851361	12876	7219	58
MO_133.bin.26	353	3868362	44205	11460	62
MO_133.bin.27	520	5559542	36433	11745	49
MO_133.bin.28	354	3628375	54041	10756	59
MO_133.bin.29	296	3047172	41428	11118	67
MO_133.bin.2	29	226251	15166	7857	44
MO_133.bin.30	104	2635952	98581	35857	62
MO_133.bin.31	148	1084060	20039	7188	57
MO_133.bin.32	1018	11909048	118522	13081	61
MO_133.bin.33	343	3620265	39537	11522	60
MO_133.bin.34	432	5041428	59696	13384	66
MO_133.bin.35	46	324364	12992	7026	58
MO_133.bin.3	185	1331816	14082	7042	60
MO_133.bin.4	212	2144815	41534	10751	44
MO_133.bin.5	37	250219	14810	6525	65
MO_133.bin.6	48	2796362	279403	85999	62
MO_133.bin.7	201	1570325	38274	7423	63
MO_133.bin.8	401	3078159	17400	7708	71
MO_133.bin.9	84	576954	16456	6739	62
MO_135.bin.10	473	3565581	41419	7203	48
MO_135.bin.11	178	1334837	42124	6975	61
MO_135.bin.12	50	333903	18938	6441	37
MO_135.bin.13	27	331802	50005	12835	52
MO_135.bin.14	407	11617576	164900	43102	57
MO_135.bin.15	479	4679776	45413	10224	49
MO_135.bin.1	211	4552155	106353	35086	64
MO_135.bin.2	340	2611656	23654	7556	35
MO_135.bin.3	48	306662	13192	6275	36
MO_135.bin.4	349	3859500	42847	11817	38
MO_135.bin.5	1551	17857722	69313	13060	53
MO_135.bin.6	315	2873400	52049	9545	38
MO_135.bin.7	253	3737800	63648	18010	62
MO_135.bin.8	8977	88830392	57643	10496	48
MO_135.bin.9	348	3360846	29387	10626	58
MO_138.bin.10	141	2622154	101113	22772	62
MO_138.bin.11	295	2895188	32296	10812	66
MO_138.bin.12	135	1942895	71353	18656	63
MO_138.bin.13	511	4937469	30386	10178	49
MO_138.bin.14	135	4305134	207215	52557	62
MO_138.bin.15	346	3715013	43311	12008	62
MO_138.bin.16	105	763076	18984	7025	45
MO_138.bin.17	213	1534299	16218	7012	70
MO_138.bin.18	49	332810	12578	6811	59
MO_138.bin.19	288	3885496	56266	16347	38
MO_138.bin.1	34	211375	11609	5856	65
MO_138.bin.20	323	3575955	34580	12147	67
MO_138.bin.21	22	337013	41985	16627	50
MO_138.bin.22	36	214052	9638	5652	71
MO_138.bin.23	829	7668038	36767	9748	61
MO_138.bin.24	246	4477365	91523	25418	48
MO_138.bin.25	61	410745	20718	6356	62
MO_138.bin.26	41	243710	7946	5734	67
MO_138.bin.27	282	4380592	73844	19037	46
MO_138.bin.28	106	737372	13683	6742	61
MO_138.bin.29	164	1148135	15593	7117	56
MO_138.bin.2	319	2872258	22557	9483	61
MO_138.bin.3	136	1096061	20422	8099	65
MO_138.bin.4	54	370885	14195	6466	60
MO_138.bin.5	325	2797349	28532	8669	59
MO_138.bin.6	40	245430	14556	5835	63
MO_138.bin.7	175	1224601	16552	6880	71
MO_138.bin.8	291	2601120	30251	9311	66
MO_138.bin.9	166	1298476	24738	8136	67
MO_140.bin.10	205	1586760	24241	7610	61
MO_140.bin.11	21	258930	23473	15303	54
MO_140.bin.12	344	3982083	47554	13267	59
MO_140.bin.13	228	2286575	49350	10726	67
MO_140.bin.14	182	4790617	130014	36212	48
MO_140.bin.15	543	6655938	73305	14069	49
MO_140.bin.16	285	2644287	27680	9767	57
MO_140.bin.17	63	2827111	165711	84046	62
MO_140.bin.18	337	4048336	54614	14200	62
MO_140.bin.19	26	241397	33745	8915	60
MO_140.bin.1	229	2558132	51985	12355	65
MO_140.bin.20	82	532303	13951	6243	65
MO_140.bin.21	330	3530947	37948	12074	38
MO_140.bin.22	317	4666623	71519	18241	67
MO_140.bin.23	1065	16594148	195850	20166	61
MO_140.bin.24	416	4637483	77391	12160	70
MO_140.bin.25	184	1355299	17535	7346	61
MO_140.bin.26	139	972683	20959	6572	63
MO_140.bin.27	260	4819476	103274	25804	46
MO_140.bin.28	24	380273	36210	18591	49
MO_140.bin.29	154	2351912	82785	19060	65
MO_140.bin.2	10	320885	104596	42974	32
MO_140.bin.30	204	2123559	38214	11513	44
MO_140.bin.31	394	4563379	62859	12811	70
MO_140.bin.32	357	4364607	49399	13553	60
MO_140.bin.33	186	1360029	18824	7206	57
MO_140.bin.34	114	2583463	104285	33285	63
MO_140.bin.35	450	5124356	56509	12590	66
MO_140.bin.3	40	239660	9979	5853	70
MO_140.bin.4	115	845649	26825	7015	60
MO_140.bin.5	219	1627887	20296	7074	66
MO_140.bin.6	45	303646	18792	6442	62
MO_140.bin.7	85	4388651	276467	96312	62
MO_140.bin.8	313	2723493	24270	9051	60
MO_140.bin.9	172	1135604	14416	6244	71
MO_167.bin.10	18	500723	90129	34299	50
MO_167.bin.11	44	268958	12235	5719	69
MO_167.bin.12	321	7661875	138058	30275	40
MO_167.bin.13	232	1851084	23830	8104	36
MO_167.bin.14	134	911867	14377	6641	64
MO_167.bin.15	304	2336693	33300	7433	62
MO_167.bin.16	279	2115502	26935	7482	43
MO_167.bin.17	190	1327614	28451	6736	61
MO_167.bin.18	515	5783911	61721	11951	37
MO_167.bin.19	155	5728751	193192	57360	60
MO_167.bin.1	20	382553	96017	21784	55
MO_167.bin.20	199	1504744	43364	6972	54
MO_167.bin.21	99	725481	16220	7323	60
MO_167.bin.22	369	5540728	85436	19371	70
MO_167.bin.23	400	3798923	42311	9856	53
MO_167.bin.24	271	1957410	21485	6956	41
MO_167.bin.25	101	4426737	344957	91131	60
MO_167.bin.26	292	5051405	76331	21727	37
MO_167.bin.27	282	7020599	158770	35571	37
MO_167.bin.28	389	3764250	27560	10187	62
MO_167.bin.29	39	3958411	395400	161273	60
MO_167.bin.2	86	2767986	221314	46092	60
MO_167.bin.30	198	7423593	177130	54808	52
MO_167.bin.31	159	1197845	26695	7492	53
MO_167.bin.32	40	252274	10318	6118	62
MO_167.bin.33	131	1017901	16783	7734	55
MO_167.bin.34	200	5037525	136215	33479	70
MO_167.bin.35	284	2054897	21851	7136	70
MO_167.bin.36	88	554612	11998	6079	58
MO_167.bin.37	228	7077029	225742	50342	53
MO_167.bin.38	16	271640	72994	18651	39
MO_167.bin.39	172	3890528	119147	29411	67
MO_167.bin.3	153	1063837	11882	7023	37
MO_167.bin.40	431	3731412	45188	8647	65
MO_167.bin.41	379	5480712	66353	18942	38
MO_167.bin.42	384	5538219	68023	17880	40
MO_167.bin.43	58	676364	70288	13002	37
MO_167.bin.44	441	5598228	69703	15797	56
MO_167.bin.45	166	1127409	14063	6895	60
MO_167.bin.46	333	2690066	25185	8072	70
MO_167.bin.47	313	7507245	108119	30439	39
MO_167.bin.48	50	319370	12445	6132	71
MO_167.bin.49	65	451562	12012	6925	46
MO_167.bin.4	319	3837371	46415	13006	60
MO_167.bin.50	76	4124120	361982	83267	59
MO_167.bin.51	455	8455803	99306	27689	39
MO_167.bin.52	449	5251669	51356	12911	37
MO_167.bin.53	107	756196	12823	6734	41
MO_167.bin.54	274	2187378	23441	7822	50
MO_167.bin.55	19	4179190	1131862	364506	62
MO_167.bin.56	140	1123399	26431	7855	37
MO_167.bin.57	103	1116459	33268	12058	37
MO_167.bin.58	56	353550	9768	6172	59
MO_167.bin.59	258	2000215	23273	7663	62
MO_167.bin.5	48	307603	10354	6359	42
MO_167.bin.6	318	4493629	71813	16530	37
MO_167.bin.7	106	756828	14104	7317	44
MO_167.bin.8	926	8146706	113045	8957	47
MO_167.bin.9	149	1062882	15914	7008	47
MO_170.bin.1	861	8740423	84762	10402	62
MO_170.bin.2	250	1824386	19559	7189	71
MO_170.bin.3	28	279888	26292	8956	55
MO_170.bin.4	295	2426377	29510	8361	66
MO_170.bin.5	429	5982951	88025	18561	60
MO_180.bin.10	237	1909856	56733	7905	60
MO_180.bin.11	19	249005	34499	17929	40
MO_180.bin.1	305	2547752	33903	8430	62
MO_180.bin.2	73	529300	16649	7009	36
MO_180.bin.3	525	5014422	36395	9916	48
MO_180.bin.4	45	277812	9059	6210	55
MO_180.bin.5	121	800538	13023	6619	59
MO_180.bin.6	62	375140	8884	5833	50
MO_180.bin.7	36	226469	9329	6196	36
MO_180.bin.8	100	650270	12148	6281	60
MO_180.bin.9	45	314346	14975	6717	51
MO_184.bin.10	165	1361004	19992	8392	53
MO_184.bin.11	189	1711923	29226	9344	50
MO_184.bin.12	1	255660	255660	255660	59
MO_184.bin.13	38	268563	11592	7281	48
MO_184.bin.14	26664	233939051	51490	8987	40
MO_184.bin.15	37	348421	29768	10120	52
MO_184.bin.1	30	208688	17765	6015	46
MO_184.bin.2	30	291001	24344	10473	48
MO_184.bin.3	27	250146	18066	9446	50
MO_184.bin.4	35	230171	10152	6693	55
MO_184.bin.5	173	1374630	29433	7817	42
MO_184.bin.6	73	612810	18434	8598	51
MO_184.bin.7	26	256138	27982	9769	47
MO_184.bin.8	1	227583	227583	227583	58
MO_184.bin.9	1554	9769759	35136	6069	45
MO_188.bin.10	94	850122	35231	8939	41
MO_188.bin.11	120	807319	12417	6832	67
MO_188.bin.12	229	2998748	60173	14103	60
MO_188.bin.13	82	762847	23070	9476	37
MO_188.bin.14	64	590366	21724	9224	38
MO_188.bin.15	321	2511056	24930	7704	62
MO_188.bin.16	303	2455986	24558	8251	66
MO_188.bin.17	49	413084	16033	8712	38
MO_188.bin.18	203	3207230	56971	19462	60
MO_188.bin.19	436	4665618	54521	11871	36
MO_188.bin.1	378	3892207	32262	11225	38
MO_188.bin.20	92	1856771	112621	25140	34
MO_188.bin.21	296	6652353	100884	30432	37
MO_188.bin.22	4544	47895466	64881	11351	42
MO_188.bin.23	36	418821	24426	14079	56
MO_188.bin.24	175	4185681	162615	31104	39
MO_188.bin.25	55	384653	30218	6472	61
MO_188.bin.26	276	2838973	47478	10822	67
MO_188.bin.27	416	9960745	103590	30971	40
MO_188.bin.28	650	8481554	65540	15021	49
MO_188.bin.29	383	6237134	88002	19974	37
MO_188.bin.2	176	3703352	121668	30707	61
MO_188.bin.30	428	4329447	38591	10560	39
MO_188.bin.31	207	4437475	118317	28609	64
MO_188.bin.32	281	6391702	130767	30258	38
MO_188.bin.33	189	1423140	67363	7006	39
MO_188.bin.34	235	7477145	159745	44427	37
MO_188.bin.35	205	2839642	70184	16433	37
MO_188.bin.36	22	215849	17363	10144	38
MO_188.bin.37	306	3115422	27857	11038	39
MO_188.bin.38	194	1774622	46047	9238	59
MO_188.bin.39	85	3908066	306218	62506	63
MO_188.bin.3	123	916226	40693	7209	40
MO_188.bin.40	138	6519683	272364	74951	62
MO_188.bin.41	40	328194	31419	7635	37
MO_188.bin.42	52	328205	9797	6118	65
MO_188.bin.43	209	1740737	26064	8307	39
MO_188.bin.44	191	5462929	145897	36381	38
MO_188.bin.45	59	591074	28755	11399	40
MO_188.bin.46	131	983369	17332	7569	43
MO_188.bin.47	71	526972	22510	7026	34
MO_188.bin.48	775	8175181	45562	11407	60
MO_188.bin.49	335	3486950	46178	11084	67
MO_188.bin.4	56	360091	35374	5907	66
MO_188.bin.50	62	5343895	332661	160897	64
MO_188.bin.51	72	491633	17831	6441	59
MO_188.bin.52	308	7579305	111436	31945	39
MO_188.bin.53	221	2091029	30436	9720	59
MO_188.bin.54	223	2467490	42476	11330	41
MO_188.bin.55	46	287887	9981	5988	53
MO_188.bin.56	222	1951125	52172	8442	61
MO_188.bin.57	276	3921537	66082	16829	60
MO_188.bin.58	410	3494668	44868	8189	45
MO_188.bin.59	502	4690929	39281	9951	51
MO_188.bin.5	191	3175331	73685	21497	49
MO_188.bin.6	50	520983	39583	12126	38
MO_188.bin.7	82	524531	11348	6193	68
MO_188.bin.8	354	8263880	173514	31933	38
MO_188.bin.9	70	459432	12088	6645	65
MO_192.bin.10	330	7757109	133121	32854	40
MO_192.bin.11	116	1175897	28058	11091	41
MO_192.bin.12	622	5068125	30293	8104	63
MO_192.bin.13	205	1515095	16623	7182	44
MO_192.bin.14	286	3844738	63130	16268	46
MO_192.bin.15	74	2054334	156017	35383	34
MO_192.bin.16	51	1277363	96151	31434	40
MO_192.bin.17	388	7207915	81360	25598	39
MO_192.bin.18	375	5253215	72771	16885	37
MO_192.bin.19	606	6794339	42770	12717	38
MO_192.bin.1	66	416428	11885	6166	51
MO_192.bin.20	202	1502342	25918	7215	61
MO_192.bin.21	279	2333890	24243	8639	68
MO_192.bin.22	52	520741	20894	9863	41
MO_192.bin.23	209	1897858	58482	9533	61
MO_192.bin.24	152	1075461	17530	6935	37
MO_192.bin.25	58	392570	16583	6791	53
MO_192.bin.26	427	3477420	32126	8306	39
MO_192.bin.27	345	7694597	130294	30038	37
MO_192.bin.28	90	579895	9759	6311	67
MO_192.bin.29	82	665812	32063	8243	42
MO_192.bin.2	473	3551710	19548	7319	70
MO_192.bin.3	117	767947	12391	6455	49
MO_192.bin.4	21	215897	22797	11152	41
MO_192.bin.5	40	246213	9352	6035	68
MO_192.bin.6	398	3523679	23672	9229	40
MO_192.bin.7	90	648196	21283	6790	40
MO_192.bin.8	278	2114402	32318	7359	47
MO_192.bin.9	297	2481654	28343	8237	62
MO_197.bin.10	318	3330715	49051	11826	66
MO_197.bin.11	138	1068486	26736	7678	63
MO_197.bin.12	240	3020055	71288	14174	66
MO_197.bin.13	264	1940770	16223	7415	61
MO_197.bin.14	72	467057	13197	6216	71
MO_197.bin.15	215	2056219	53603	9969	62
MO_197.bin.16	15	383320	59486	44436	49
MO_197.bin.17	5	278261	149981	149981	34
MO_197.bin.18	22	267816	55337	12930	48
MO_197.bin.19	258	1933697	16912	7314	54
MO_197.bin.1	126	1070313	26328	8320	67
MO_197.bin.20	152	1159511	16296	7685	59
MO_197.bin.21	285	3894551	78459	15866	69
MO_197.bin.22	105	705627	17205	6461	61
MO_197.bin.23	307	3866338	50621	14816	47
MO_197.bin.24	44	276182	11031	6023	60
MO_197.bin.25	25	259736	29565	10633	54
MO_197.bin.26	106	772900	29567	6856	36
MO_197.bin.27	51	337217	15233	6512	56
MO_197.bin.28	135	1137454	26159	8603	62
MO_197.bin.29	112	753828	13794	6484	50
MO_197.bin.2	38	237895	10587	5982	54
MO_197.bin.30	135	931916	14466	6630	58
MO_197.bin.31	219	4672422	106052	30169	48
MO_197.bin.32	339	4259934	53929	15468	67
MO_197.bin.33	526	4544527	33567	8720	39
MO_197.bin.34	339	2296800	15837	6571	72
MO_197.bin.35	231	2006808	41277	8353	66
MO_197.bin.3	214	3531565	76322	22620	62
MO_197.bin.4	180	1244655	17574	6626	50
MO_197.bin.5	70	439261	11491	5976	63
MO_197.bin.6	80	2805393	291289	60054	62
MO_197.bin.7	18	223529	28399	12672	37
MO_197.bin.8	212	1802535	28377	8307	63
MO_197.bin.9	233	1676617	16863	6904	71
MO_199.bin.10	198	1477723	21471	7205	52
MO_199.bin.11	391	3648315	40845	9816	38
MO_199.bin.12	82	712355	21256	8757	37
MO_199.bin.13	63	411803	10788	6445	59
MO_199.bin.14	69	595312	38789	8742	37
MO_199.bin.1	54	329580	9861	5958	49
MO_199.bin.2	269	2083385	26896	7552	66
MO_199.bin.3	674	7526860	46165	12404	35
MO_199.bin.4	39	306832	15526	7653	36
MO_199.bin.5	400	7386526	104095	24012	36
MO_199.bin.6	319	4756066	67414	18222	37
MO_199.bin.7	115	935553	43766	7622	37
MO_199.bin.8	3422	26250784	37484	7546	52
MO_199.bin.9	143	1020529	30701	6629	62
MO_202.bin.10	453	4934705	34595	12306	70
MO_202.bin.11	54	487813	28377	10630	44
MO_202.bin.12	31	335787	26352	10893	64
MO_202.bin.13	68	445301	18728	6232	59
MO_202.bin.14	42	286707	24772	6040	54
MO_202.bin.15	16	224979	32549	17830	40
MO_202.bin.16	317	2654844	46193	8241	46
MO_202.bin.17	149	1513626	30134	10744	47
MO_202.bin.18	116	867923	17146	7584	61
MO_202.bin.19	3374	24893947	34177	7168	53
MO_202.bin.1	81	512986	9922	6481	62
MO_202.bin.20	60	409317	20545	6456	62
MO_202.bin.21	76	494914	11900	6302	61
MO_202.bin.22	108	686493	11563	6200	50
MO_202.bin.23	130	5064004	199103	64044	67
MO_202.bin.24	310	3739759	45791	13854	48
MO_202.bin.25	361	4225582	52877	13540	58
MO_202.bin.26	409	5485813	58900	16658	66
MO_202.bin.27	10	298767	109029	50223	34
MO_202.bin.28	101	700274	23815	6539	45
MO_202.bin.2	188	5507460	129262	45571	36
MO_202.bin.3	214	1468720	16849	6538	71
MO_202.bin.4	96	657205	13108	6800	59
MO_202.bin.5	154	1190662	20107	7860	65
MO_202.bin.6	242	1940116	22529	7852	47
MO_202.bin.7	172	2930260	58662	21998	65
MO_202.bin.8	474	3991942	33547	8354	39
MO_202.bin.9	541	4763676	33926	8731	36
MO_207.bin.10	465	6237514	66488	15146	36
MO_207.bin.11	364	5108577	131275	16262	63
MO_207.bin.12	81	525647	10800	6487	61
MO_207.bin.13	17	703357	135814	46804	62
MO_207.bin.14	281	2570374	29655	9741	72
MO_207.bin.15	312	7293591	114286	31811	37
MO_207.bin.16	31	231967	19608	6828	62
MO_207.bin.17	99	860223	27763	9070	40
MO_207.bin.18	182	1368970	20520	7659	63
MO_207.bin.19	126	930687	27822	7637	38
MO_207.bin.1	61	400955	12571	6411	66
MO_207.bin.20	136	979285	21789	6830	69
MO_207.bin.21	110	783109	19253	7099	44
MO_207.bin.22	173	1227923	19176	7223	36
MO_207.bin.23	225	1639556	18187	7145	66
MO_207.bin.24	318	3004619	30005	10058	46
MO_207.bin.25	223	2123000	54104	10624	63
MO_207.bin.26	297	2259310	22717	7426	39
MO_207.bin.2	63	421093	12698	6335	59
MO_207.bin.3	9	299873	119907	42099	34
MO_207.bin.4	117	830271	20835	6762	61
MO_207.bin.5	92	668507	17021	6989	54
MO_207.bin.6	242	3162858	58669	15157	62
MO_207.bin.7	74	491295	13123	6456	55
MO_207.bin.8	14	226664	36334	24343	37
MO_207.bin.9	312	3854705	60248	14492	48
MO_226.bin.10	31	205074	10366	6507	69
MO_226.bin.11	204	2173059	49458	11388	62
MO_226.bin.12	35	210515	9279	5583	67
MO_226.bin.13	574	9636633	91331	21528	40
MO_226.bin.14	42	276503	12764	6220	59
MO_226.bin.15	303	2482060	41591	7859	68
MO_226.bin.16	61	546951	34625	9281	41
MO_226.bin.17	72	463577	12844	6178	65
MO_226.bin.18	46	284593	9251	6071	69
MO_226.bin.19	460	4561213	44840	10672	36
MO_226.bin.1	157	3015311	115180	31340	60
MO_226.bin.2	78	521315	23097	6458	58
MO_226.bin.3	49	333432	21442	6338	59
MO_226.bin.4	63	405870	12028	6415	53
MO_226.bin.5	46	293555	19472	5903	61
MO_226.bin.6	337	3423987	40358	11137	68
MO_226.bin.7	130	883842	12533	6559	70
MO_226.bin.8	437	3564618	34610	8180	39
MO_226.bin.9	87	593806	12180	6569	39
MO_231.bin.1	616	8231515	82672	15867	36
MO_231.bin.2	42	291244	14757	6799	60
MO_231.bin.3	6897	76895475	85843	12310	42
MO_231.bin.4	89	581239	13434	6270	66
MO_231.bin.5	173	1208893	14347	6736	50
MO_231.bin.6	67	416846	10876	5913	48
MO_231.bin.7	38	250147	10989	6557	57
MO_234.bin.10	3056	23477226	41056	7632	48
MO_234.bin.11	70	488897	15998	7014	51
MO_234.bin.12	90	639483	18661	6917	53
MO_234.bin.13	46	325834	12084	7319	36
MO_234.bin.14	77	522570	13744	6455	46
MO_234.bin.15	146	1045042	17847	6938	58
MO_234.bin.1	459	5317175	53915	12812	39
MO_234.bin.2	54	510946	23804	11333	40
MO_234.bin.3	43	346906	13655	8148	38
MO_234.bin.4	137	955082	20343	6704	37
MO_234.bin.5	2178	19164343	34592	9172	53
MO_234.bin.6	144	1454840	30571	11007	47
MO_234.bin.7	167	1276870	40191	7458	39
MO_234.bin.8	190	1586412	35816	8393	46
MO_234.bin.9	32	300870	47510	9229	40
MO_236.bin.10	41	300441	18348	7011	39
MO_236.bin.11	465	4330401	39655	9546	36
MO_236.bin.12	89	659153	17527	7418	62
MO_236.bin.13	230	1825314	21902	7871	46
MO_236.bin.14	105	732769	14654	6836	49
MO_236.bin.15	68	449275	11372	6577	63
MO_236.bin.16	36	320205	22851	8797	39
MO_236.bin.1	317	2344152	21201	7270	66
MO_236.bin.2	39	234516	9645	5848	62
MO_236.bin.3	81	578487	22201	6954	65
MO_236.bin.4	293	4228995	62477	17287	48
MO_236.bin.5	221	1516442	16034	6595	60
MO_236.bin.6	42	287629	13412	6855	47
MO_236.bin.7	509	5284460	48202	11057	37
MO_236.bin.8	395	3264314	29123	8431	39
MO_236.bin.9	73	541465	26570	7152	46
